7:91,19,11,5,12,8,6,22,26,10
18:6,11,7,12,46,29,8,14,10,33
19:6,10,7,122,8,87,16,19,31,58
36:9,16,6,13,7,22,17,19,21,118
37:12,6,46,29,47,11,23,19,96,8
41:7,12,11,884,27,9,14,6,13,17
42:12,91,7,9,6,17,10,13,14,22
43:6,12,53,42,54,7,5,13,97,8
44:13,737,6,44,8,11,7,18,10,14
45:7,21,118,9,10,6,15,25,8,5
46:91,15,18,9,10,16,94,90,19,7
59:91,11,7,16,19,10,48,28,22,9
60:25,737,13,6,14,18,11,10,7,44
69:11,9,10,6,52,23,7,80,20,47
70:10,6,8,32,42,41,13,14,7,5
94:34,6,91,10,48,5,7,22,12,151
106:9,20,31,8,12,71,10,5,25,15
115:7,5,91,12,22,10,151,8,26,9
116:27,19,8,12,9,89,22,411,11,7
142:7,5,6,183,47,8,20,35,14,102
143:8,5,41,10,14,166,24,36,15,19
148:18,6,11,21,95,8,24,12,7,9
150:186,7,37,8,46,80,29,68,16,15
156:13,42,8,6,10,44,59,12,19,24
161:91,9,19,12,182,26,11,72,10,6
171:7,78,19,63,6,20,11,157,9,36
172:11,91,19,20,7,12,16,8,48,9
174:
177:6,15,5,9,83,22,8,10,13,28
196:91,19,11,5,9,22,26,151,10,12
202:9,11,19,31,13,21,7,118,16,6
211:30,5,6,13,422,19,23,11,48,7
217:69,14,548,431,27,8,39,6,9,10
220:
223:42,13,10,6,8,44,12,19,24,7
224:
225:44,13,737,6,36,20,8,18,25,50
228:9,5,6,7,21,65,10,31,45,68
229:91,19,9,141,11,13,7,5,10,6
231:42,10,8,6,13,7,5,97,15,36
232:
238:16,90,15,94,18,19,7,39,79,12
241:91,9,19,72,12,7,6,35,65,49
245:
249:
250:42,6,8,10,13,5,9,22,83,44
253:
257:91,19,12,9,18,5,11,62,7,141
272:42,10,8,6,5,7,13,97,9,19
273:91,19,9,5,141,7,22,10,12,26
288:12,7,13,27,14,6,25,10,17,24
290:6,8,28,9,11,30,7,130,162,13
291:12,7,9,91,14,13,6,17,10,49
292:91,11,19,9,12,7,5,26,151,10
294:5,68,11,31,24,8,16,61,6,46
328:42,10,8,6,13,7,5,97,15,36
331:9,6,11,7,46,8,16,13,20,5
345:
361:91,19,20,8,9,30,11,12,7,5
376:14,70,7,6,10,9,17,31,115,12
384:7,44,18,6,13,701,268,22,48,8
401:91,19,11,5,7,12,26,151,10,9
402:91,19,20,8,11,12,7,48,9,10
410:6,10,35,8,7,48,19,28,45,11
448:31,7,19,78,63,11,18,14,34,6
449:7,14,9,23,5,20,46,8,66,19
450:91,5,151,26,12,10,9,7,19,87
452:
476:431,69,6,13,14,5,30,44,164,42
488:12,7,9,49,6,14,13,10,17,22
490:91,19,9,5,141,13,7,10,22,12
494:91,19,9,8,141,13,7,18,15,22
500:72,130,113,111,99,128,179,98,76,6
514:20,6,7,254,23,41,8,233,16,13
525:91,7,11,16,5,9,28,19,10,22
535:83,22,9,6,5,13,27,12,66,11
536:6,8,10,42,32,7,15,36,46,29
538:91,19,11,9,7,16,12,13,141,10
539:47,109,15,11,5,7,9,6,65,10
564:11,9,78,7,19,63,6,157,20,36
582:91,9,19,6,27,72,141,65,182,13
585:22,7,6,43,10,35,128,5,16,9
590:42,10,6,8,13,7,97,5,9,25
601:
618:11,14,8,537,21,48,6,10,16,7
624:
627:
628:
632:12,10,8,6,53,15,9,13,333,75
633:32,6,7,15,36,8,10,46,29,20
634:11,6,21,12,7,14,9,10,32,16
646:6,8,41,7,20,13,16,29,11,46
666:
667:26,8,7,14,15,6,58,9,80,10
669:
678:
680:13,6,5,30,7,9,19,12,29,20
681:
682:8,11,19,6,5,31,9,21,12,13
683:
684:
715:53,12,15,75,13,333,9,16,8,7
716:
741:12,10,233,14,8,9,6,17,69,7
750:8,10,48,28,7,19,22,46,5,23
754:11,9,7,10,12,5,6,21,18,26
756:91,19,20,8,11,12,30,9,10,48
757:36,44,7,8,17,10,6,24,11,9
758:9,5,6,7,21,65,10,31,45,68
763:91,8,5,12,7,36,151,22,10,26
773:
774:153,12,24,59,22,19,6,7,44,13
775:91,9,19,141,13,7,14,15,12,6
782:42,97,7,13,5,10,6,8,15,19
784:48,16,22,28,19,7,10,6,13,18
793:10,8,6,12,53,7,24,21,36,41
803:169,12,95,6,45,60,7,8,18,11
813:91,12,6,11,7,22,44,18,13,701
815:7,15,36,5,183,6,10,12,14,19
817:42,10,8,6,5,7,13,97,9,19
818:
823:
825:11,19,91,9,7,12,16,40,13,20
833:44,737,13,6,8,36,18,26,11,7
835:91,11,19,7,9,16,12,10,5,22
838:
844:42,10,8,6,5,7,13,97,9,19
850:
856:16,48,10,28,7,19,18,701,44,6
857:11,7,6,15,36,9,155,13,21,14
874:91,11,5,12,151,10,22,26,34,19
891:
899:27,8,61,39,6,9,14,10,313,42
900:
911:42,10,8,6,13,7,5,97,15,36
918:27,494,8,6,87,44,13,5,11,14
925:
926:11,19,91,44,9,737,13,6,8,26
937:91,11,19,7,12,5,10,22,26,151
949:
964:
970:
977:91,9,7,27,14,19,18,141,65,15
981:16,90,15,94,18,19,7,39,79,12
982:95,6,8,7,18,45,169,60,9,22
984:91,19,5,9,16,18,11,10,151,26
992:11,6,21,12,7,14,9,10,32,16
993:91,11,19,16,7,12,10,9,6,26
998:12,7,9,14,17,13,6,10,22,49
1000:9,6,8,42,11,54,38,10,7,25
1007:11,12,13,19,17,6,7,22,26,9
1027:8,11,7,31,6,65,18,15,24,26
1028:12,7,91,9,14,17,10,6,13,22
1044:9,11,14,19,7,15,13,5,12,31
1045:737,13,6,44,8,36,42,26,17,10
1049:
1068:
1069:10,8,6,14,41,13,42,9,11,25
1070:12,7,14,9,27,884,11,13,6,17
1082:91,19,9,141,11,13,7,5,10,6
1083:
1088:44,12,153,24,7,19,22,59,6,13
1094:11,9,14,12,10,19,6,52,23,7
1116:42,10,8,6,13,7,5,97,15,36
1121:
1125:12,14,21,11,7,48,9,10,5,47
1127:6,20,41,8,7,23,87,254,10,29
1132:9,21,73,7,6,274,14,30,28,5
1133:91,7,5,12,151,26,10,22,8,19
1140:91,19,11,8,12,7,20,5,40,151
1141:
1148:12,10,8,6,53,15,9,13,333,75
1153:12,7,91,9,22,66,17,13,14,6
1163:
1166:11,22,10,6,38,15,745,8,75,47
1172:23,6,7,254,8,20,17,233,87,41
1192:13,42,6,59,22,153,24,7,12,19
1204:72,130,191,113,179,76,99,111,6,44
1208:7,6,49,27,9,8,12,13,17,14
1209:7,10,8,6,46,29,11,20,9,14
1234:
1236:
1245:44,13,737,6,36,20,8,18,25,50
1263:91,11,19,12,7,8,13,151,26,10
1267:42,10,8,6,13,7,5,97,15,36
1269:
1288:
1295:91,19,11,9,10,141,6,13,12,22
1296:5,8,6,31,9,21,12,11,19,25
1302:8,19,51,50,21,7,12,10,15,28
1305:21,51,7,12,8,10,19,50,15,164
1342:12,7,9,91,14,13,6,17,10,49
1382:10,19,5,34,6,15,9,172,7,58
1389:
1391:
1397:
1402:6,8,10,13,22,5,9,83,44,153
1405:
1407:
1408:12,7,91,9,14,6,13,10,17,22
1409:5,8,23,66,20,19,46,9,7,28
1412:
1413:91,19,9,141,13,11,7,14,5,6
1418:91,19,11,9,5,141,12,10,151,22
1419:9,333,13,75,15,53,12,16,8,5
1420:10,8,6,42,32,7,15,97,13,5
1427:91,5,19,8,9,7,36,12,26,10
1430:
1431:19,9,11,13,141,7,5,6,78,63
1435:11,9,91,19,14,6,48,10,34,12
1437:
1441:
1447:8,6,41,20,7,254,23,9,11,16
1448:
1457:
1458:91,18,7,5,19,15,9,26,42,54
1469:11,91,19,10,6,7,5,9,12,49
1477:12,7,9,14,17,6,10,13,22,49
1486:
1490:
1491:20,11,19,7,18,6,14,34,78,15
1500:7,16,28,10,48,19,22,9,5,151
1503:91,8,12,19,20,7,5,30,11,36
1517:
1518:
1535:91,19,9,11,141,13,5,10,22,12
1551:91,19,9,141,20,13,30,48,10,8
1552:
1553:13,6,5,9,22,83,27,12,19,153
1559:7,15,42,36,46,29,10,9,11,33
1560:91,7,65,72,9,6,19,35,14,26
1561:91,12,7,6,9,27,49,13,19,14
1562:91,11,44,6,13,737,8,36,19,20
1569:
1570:6,11,7,12,46,29,8,14,10,33
1588:
1589:11,19,20,78,7,18,34,6,14,9
1591:
1601:69,14,548,431,27,8,39,6,9,10
1602:6,8,19,7,28,10,22,5,20,23
1629:
1634:
1642:13,6,22,9,5,83,42,10,8,44
1653:13,6,22,9,5,83,19,12,59,153
1654:11,9,19,91,7,80,13,10,183,5
1655:91,19,9,141,13,11,8,20,48,30
1668:91,19,11,8,12,20,7,30,5,22
1681:13,6,5,30,7,9,19,12,29,20
1703:91,11,19,7,16,5,9,10,151,6
1721:
1727:
1728:20,11,19,7,18,6,14,34,78,15
1745:13,6,22,83,5,9,59,24,7,12
1746:14,70,7,6,10,9,17,31,115,12
1751:42,6,8,10,7,5,13,97,15,36
1756:42,8,13,44,24,12,6,7,153,22
1758:9,16,6,118,21,7,13,17,22,12
1761:
1767:9,16,6,31,19,11,20,7,118,21
1779:
1780:
1783:
1787:91,11,19,16,7,10,48,28,22,9
1788:22,18,6,11,8,9,12,95,165,7
1794:63,19,7,78,6,11,9,14,15,16
1796:91,19,8,12,7,11,20,5,30,26
1803:
1820:548,6,13,14,69,30,5,164,44,60
1821:
1822:6,9,22,5,83,13,10,8,42,153
